2 0.549419 0.475718 0.055089 0.061861
2 0.363755 0.456991 0.034792 0.054981
4 0.446341 0.365949 0.023953 0.034528
2 0.275320 0.370222 0.024161 0.039519
1 0.507378 0.489463 0.019328 0.061852
2 0.450742 0.409741 0.028995 0.039519
2 0.416432 0.366782 0.022229 0.032639
1 0.416432 0.419185 0.018365 0.048111
1 0.456539 0.456130 0.019328 0.053259
1 0.362307 0.377088 0.012563 0.029213
1 0.447794 0.334880 0.006151 0.021870
5 0.485052 0.790352 0.333437 0.419296
4 0.183023 0.952347 0.114047 0.091065
3 0.310115 0.363861 0.022229 0.041241
2 0.371570 0.346963 0.016828 0.025315
2 0.473068 0.544444 0.060885 0.085907
1 0.602094 0.489463 0.017396 0.061852
1 0.430479 0.337755 0.007771 0.020713
2 0.285956 0.345231 0.019099 0.024167
4 0.294372 0.322792 0.015214 0.020713
1 0.346161 0.354727 0.008740 0.027046
1 0.392932 0.363361 0.009062 0.030500
2 0.328682 0.323366 0.015865 0.020713
