2 0.546232 0.460935 0.050255 0.063574
2 0.447648 0.448912 0.034797 0.053269
2 0.366464 0.398222 0.023198 0.041241
2 0.449391 0.395602 0.028615 0.038889
2 0.292299 0.358264 0.021255 0.028843
2 0.301529 0.335394 0.013984 0.022861
2 0.416742 0.358255 0.021818 0.026824
2 0.368648 0.337880 0.017339 0.021870
1 0.812995 0.895134 0.059948 0.139176
1 0.512370 0.566991 0.029948 0.092870
1 0.419609 0.395880 0.013698 0.041759
1 0.390750 0.365375 0.010719 0.028176
1 0.389117 0.338028 0.009318 0.026519
1 0.456466 0.335954 0.007922 0.022370
4 0.227380 0.538968 0.049406 0.077065
3 0.326661 0.350458 0.018646 0.031491
2 0.321534 0.315241 0.014911 0.019056
4 0.287042 0.315653 0.016781 0.021546
4 0.440154 0.351287 0.019109 0.029833
1 0.349732 0.343829 0.006057 0.024861
5 0.335432 0.530884 0.096635 0.230269
