1 0.197245 0.674972 0.048323 0.107389
1 0.424773 0.525343 0.018526 0.065870
1 0.493638 0.490981 0.019328 0.054407
1 0.512940 0.450079 0.014411 0.043565
2 0.736786 0.520935 0.039708 0.067611
2 0.705742 0.428954 0.024609 0.044759
2 0.720279 0.381208 0.017880 0.032769
2 0.595841 0.382227 0.020693 0.034806
2 0.492086 0.437907 0.033557 0.042759
2 0.746000 0.344259 0.011656 0.022444
2 0.711367 0.342241 0.010359 0.016111
5 0.671180 0.393065 0.039714 0.083519
4 0.741932 0.451231 0.027969 0.054685
4 0.725432 0.352792 0.012865 0.024861
