4 0.723141 0.374671 0.020135 0.036787
2 0.524870 0.927949 0.120813 0.137454
2 0.713820 0.441694 0.034797 0.058426
2 0.406477 0.514718 0.059922 0.084194
2 0.475581 0.409907 0.037693 0.046389
2 0.536469 0.393583 0.031896 0.048111
2 0.672130 0.366912 0.021250 0.027843
2 0.701211 0.346519 0.017891 0.028815
2 0.582641 0.349514 0.020135 0.026843
2 0.607529 0.352991 0.022932 0.029833
5 0.200807 0.883278 0.343104 0.231963
4 0.666656 0.469190 0.037698 0.067009
4 0.688992 0.393065 0.025786 0.035796
1 0.323857 0.526060 0.025776 0.068731
