5 0.337661 0.404102 0.047542 0.121315
1 0.516591 0.517181 0.021745 0.070157
1 0.423568 0.413375 0.014500 0.045824
1 0.426034 0.353440 0.006526 0.029824
1 0.413914 0.343500 0.008391 0.029833
2 0.560034 0.442917 0.047078 0.059722
2 0.473573 0.552310 0.066187 0.079546
2 0.451667 0.388241 0.027969 0.039778
2 0.453065 0.355926 0.025172 0.028167
2 0.379422 0.348051 0.019573 0.027343
2 0.316732 0.324440 0.015380 0.024861
2 0.421904 0.327394 0.016453 0.020620
2 0.370383 0.311810 0.015370 0.020139
4 0.340128 0.687213 0.071682 0.128722
4 0.283688 0.406986 0.031323 0.044750
4 0.440378 0.318907 0.017266 0.023500
1 0.490924 0.324662 0.014568 0.025417
1 0.389505 0.322745 0.007552 0.021583
3 0.346049 0.317597 0.019578 0.027843
