2 0.595424 0.655787 0.078286 0.118556
8 0.598604 0.361954 0.036896 0.070426
2 0.284214 0.577606 0.055094 0.089343
2 0.387630 0.543241 0.057021 0.085907
2 0.951094 0.852519 0.093750 0.189000
2 0.588174 0.426407 0.028995 0.048111
2 0.439339 0.431560 0.027063 0.051546
2 0.461068 0.395838 0.019812 0.029694
2 0.413875 0.371671 0.017094 0.028306
2 0.530010 0.365454 0.014760 0.021407
8 0.695734 0.571644 0.153250 0.258528
7 0.647667 0.403069 0.056000 0.082861
7 0.555490 0.353028 0.025250 0.044185
7 0.372935 0.392731 0.060203 0.095981
4 0.463008 0.368079 0.015536 0.027620
