2 0.963174 0.874856 0.073453 0.197602
2 0.593430 0.650343 0.069266 0.108815
8 0.612115 0.446361 0.067115 0.126278
8 0.299049 0.454898 0.110339 0.164667
2 0.408990 0.497134 0.043490 0.077324
4 0.452477 0.390472 0.022547 0.032944
2 0.284552 0.774199 0.102292 0.184713
8 0.586667 0.349417 0.031885 0.055685
2 0.439594 0.371171 0.014448 0.024028
2 0.571687 0.394056 0.022562 0.037259
2 0.447648 0.428407 0.028995 0.040093
2 0.392479 0.391181 0.024969 0.034361
2 0.044497 0.903778 0.087870 0.120278
2 0.554768 0.469931 0.037047 0.054417
2 0.470359 0.362056 0.014448 0.022370
2 0.525591 0.348801 0.012120 0.017398
7 0.728737 0.605958 0.165911 0.280639
