2 0.427255 0.482245 0.039625 0.058417
2 0.344620 0.636884 0.077323 0.137454
2 0.772294 0.581903 0.076349 0.082472
2 0.680961 0.470218 0.034797 0.061861
2 0.555315 0.480528 0.032859 0.061852
2 0.363466 0.422968 0.031891 0.042954
2 0.539505 0.411083 0.024833 0.040574
2 0.424063 0.394972 0.023490 0.032222
2 0.463664 0.380060 0.019464 0.028639
4 0.439164 0.421819 0.028193 0.042954
7 0.629484 0.457097 0.069448 0.135065
8 0.122745 0.603972 0.244042 0.385204
8 0.578893 0.399130 0.036911 0.085519
7 0.408581 0.366815 0.029641 0.054685
