4 0.367172 0.302458 0.017531 0.020139
5 0.285935 0.361088 0.036245 0.089491
1 0.394990 0.413185 0.013052 0.043093
1 0.344651 0.361398 0.010250 0.032315
1 0.435542 0.328667 0.014917 0.029833
1 0.425286 0.323694 0.009323 0.028167
1 0.339982 0.322444 0.009307 0.025667
2 0.352690 0.413949 0.029797 0.042954
4 0.760630 0.804843 0.151417 0.166093
4 0.275370 0.489833 0.045906 0.065870
4 0.253221 0.360250 0.024161 0.041519
2 0.516992 0.448310 0.049130 0.063009
2 0.192786 0.636338 0.062760 0.109731
1 0.342555 0.302565 0.006995 0.020722
2 0.393794 0.361935 0.022526 0.030389
2 0.386997 0.343292 0.022141 0.027620
2 0.321161 0.329481 0.016312 0.024852
2 0.361167 0.320505 0.017865 0.024861
2 0.264646 0.317398 0.015927 0.024167
