2 0.598635 0.435903 0.030875 0.047731
2 0.659042 0.447833 0.037583 0.047722
2 0.463729 0.383995 0.022823 0.032213
3 0.421552 0.391870 0.022229 0.054981
3 0.655445 0.531042 0.051224 0.085917
8 0.877352 0.696542 0.245297 0.507213
2 0.553331 0.458574 0.031547 0.050111
2 0.444508 0.425542 0.025776 0.042954
2 0.804526 0.817227 0.117594 0.173398
2 0.608813 0.634593 0.070875 0.105963
2 0.272148 0.809352 0.112755 0.174833
3 0.328286 0.526750 0.046396 0.094500
7 0.093589 0.734819 0.187177 0.288657
7 0.582474 0.382417 0.038656 0.070444
