2 0.621521 0.731560 0.085052 0.121991
3 0.121841 0.815750 0.154641 0.238833
3 0.396810 0.420565 0.037693 0.070444
7 0.403576 0.363005 0.041557 0.075602
2 0.787758 0.813171 0.131443 0.154639
2 0.661633 0.552005 0.051224 0.079046
2 0.572232 0.486713 0.042526 0.061852
2 0.411307 0.493588 0.041563 0.058417
2 0.449969 0.417986 0.028031 0.044676
2 0.465917 0.373310 0.017396 0.027491
2 0.541786 0.409394 0.026094 0.037806
2 0.627802 0.411972 0.028031 0.039519
2 0.579469 0.397384 0.022208 0.030972
3 0.606057 0.448912 0.027062 0.051546
7 0.567880 0.361282 0.028031 0.058417
8 0.747164 0.503894 0.158505 0.247417
