2 0.565693 0.383815 0.019021 0.025852
2 0.567682 0.510940 0.039635 0.060139
2 0.454125 0.407847 0.023198 0.032639
2 0.391786 0.438773 0.031896 0.042954
2 0.411599 0.499773 0.036729 0.068731
2 0.335727 0.519532 0.051224 0.077324
2 0.203802 0.945764 0.160438 0.108472
8 0.593656 0.356477 0.034677 0.076565
2 0.920023 0.511167 0.079734 0.077315
8 0.652159 0.413519 0.072484 0.120278
3 0.626643 0.761796 0.116943 0.245704
4 0.718461 0.650111 0.084089 0.111685
2 0.534930 0.373375 0.015661 0.024861
3 0.418034 0.400222 0.021255 0.044741
8 0.397339 0.373375 0.040271 0.066620
2 0.585083 0.419870 0.026094 0.039519
2 0.616495 0.480870 0.040594 0.054981
