4 0.630992 0.494097 0.050255 0.067009
3 0.389229 0.440000 0.034115 0.054685
3 0.565971 0.512088 0.052016 0.093472
8 0.619878 0.383963 0.050255 0.084185
8 0.364242 0.401148 0.064755 0.094500
2 0.154992 0.772278 0.141109 0.159796
2 0.331380 0.696681 0.089885 0.152917
2 0.656604 0.845306 0.106313 0.189000
2 0.340560 0.506815 0.050255 0.061852
2 0.426201 0.465056 0.035797 0.057667
2 0.546451 0.435227 0.024609 0.037787
2 0.586721 0.423292 0.024609 0.037787
2 0.443539 0.424287 0.026849 0.035796
2 0.444656 0.365620 0.014542 0.023870
2 0.569664 0.387991 0.018453 0.028833
2 0.557357 0.367134 0.013984 0.020917
4 0.759536 0.721764 0.098583 0.137454
2 0.425148 0.385838 0.020974 0.044750
2 0.844716 0.481102 0.054766 0.054407
