8 0.599289 0.362315 0.042526 0.073889
2 0.726674 0.673486 0.087953 0.115120
2 0.357958 0.621079 0.077323 0.123713
2 0.196070 0.700977 0.109214 0.132306
2 0.409182 0.504241 0.044458 0.061852
2 0.583151 0.550630 0.052188 0.061852
2 0.431513 0.388889 0.021474 0.033407
2 0.538768 0.395333 0.020807 0.031019
2 0.570982 0.389963 0.020807 0.032222
3 0.331573 0.521421 0.058958 0.089343
2 0.620362 0.718157 0.086016 0.125426
3 0.399229 0.419190 0.035760 0.060139
3 0.547583 0.435509 0.030927 0.058426
3 0.463227 0.378903 0.025172 0.040769
8 0.867010 0.623481 0.262885 0.410648
8 0.309344 0.453380 0.112115 0.139167
4 0.597849 0.427597 0.031906 0.049806
4 0.645682 0.517815 0.050260 0.072167
