3 0.355107 0.480671 0.047516 0.081620
4 0.603333 0.442681 0.031323 0.046731
4 0.578167 0.394259 0.024052 0.034796
2 0.669943 0.933792 0.129510 0.113398
2 0.298807 0.754236 0.098583 0.156361
2 0.409953 0.420903 0.030927 0.042954
2 0.568461 0.528292 0.042526 0.065287
2 0.636826 0.508991 0.048328 0.063574
2 0.558521 0.459329 0.029542 0.047639
3 0.185164 0.714060 0.132891 0.173250
3 0.449417 0.409856 0.025635 0.047639
3 0.539667 0.396111 0.023302 0.042259
8 0.717018 0.472079 0.120734 0.193306
8 0.156813 0.575889 0.226323 0.263463
8 0.587224 0.348204 0.029531 0.060852
