1 0.442643 0.359380 0.007016 0.024463
1 0.352555 0.361537 0.007016 0.023019
1 0.361049 0.344991 0.006203 0.022537
1 0.453432 0.362019 0.013490 0.025889
1 0.380794 0.392370 0.009714 0.030204
4 0.506711 0.542116 0.057797 0.065454
4 0.358674 0.322310 0.014026 0.016306
4 0.301763 0.439796 0.030214 0.045074
4 0.285310 0.364269 0.016724 0.027333
2 0.332781 0.348449 0.015646 0.019657
2 0.370276 0.339093 0.012948 0.018222
2 0.392529 0.363602 0.016453 0.021574
2 0.404826 0.373574 0.017245 0.029000
2 0.352622 0.386421 0.020974 0.031491
2 0.538766 0.496634 0.051010 0.066824
2 0.504536 0.630870 0.073833 0.091870
2 0.240094 0.473963 0.030875 0.054889
5 0.309974 0.365454 0.027031 0.061315
