2 0.598953 0.437546 0.032625 0.039778
2 0.758859 0.774630 0.111146 0.151778
2 0.578044 0.586338 0.057182 0.087343
2 0.549312 0.446991 0.028896 0.038111
2 0.363807 0.483449 0.041948 0.061324
2 0.544654 0.411792 0.021755 0.031769
2 0.438227 0.376231 0.017089 0.024167
2 0.465997 0.376921 0.018255 0.025546
3 0.447622 0.412255 0.026849 0.041769
4 0.564307 0.373532 0.017865 0.024861
3 0.534339 0.373088 0.020073 0.033639
3 0.228818 0.642468 0.111948 0.176120
8 0.652836 0.412352 0.072151 0.123296
8 0.577380 0.342157 0.029083 0.052704
3 0.422453 0.467935 0.043625 0.061648
4 0.580503 0.403296 0.022141 0.037296
