4 0.566810 0.379417 0.019422 0.029352
8 0.569888 0.335394 0.023630 0.043731
8 0.619247 0.381718 0.049849 0.089194
4 0.357281 0.604810 0.084573 0.124565
4 0.425474 0.463481 0.038219 0.055519
2 0.252339 0.637292 0.081344 0.120231
2 0.633294 0.522051 0.044297 0.058713
2 0.555576 0.475514 0.033828 0.051546
2 0.539682 0.405194 0.021813 0.031815
2 0.577169 0.400991 0.022005 0.031074
2 0.419862 0.403009 0.023307 0.030500
2 0.454495 0.401856 0.022010 0.035102
2 0.444945 0.367046 0.015214 0.024167
2 0.471326 0.370208 0.016182 0.027046
2 0.536875 0.382005 0.019062 0.023009
4 0.555807 0.358125 0.014240 0.020139
