2 0.387555 0.444370 0.033547 0.050111
8 0.600839 0.362403 0.040271 0.070157
3 0.374516 0.581472 0.066042 0.110259
2 0.644734 0.860681 0.108729 0.173250
2 0.885469 0.736824 0.121458 0.131722
2 0.434531 0.445565 0.029531 0.052500
2 0.544940 0.424088 0.028859 0.038176
2 0.594273 0.443181 0.032214 0.038176
2 0.431846 0.385907 0.024161 0.031019
2 0.462049 0.393662 0.024161 0.034602
2 0.535294 0.381889 0.019807 0.024167
2 0.564813 0.379477 0.019812 0.024861
4 0.549664 0.347713 0.012818 0.019333
4 0.558984 0.363593 0.015146 0.022093
