8 0.648518 0.414662 0.048328 0.083046
8 0.354544 0.410366 0.069266 0.080176
8 0.438708 0.359537 0.039469 0.067296
2 0.334810 0.683134 0.086182 0.141750
2 0.563547 0.502005 0.039469 0.057269
3 0.360583 0.471935 0.039469 0.065870
2 0.442734 0.423968 0.024969 0.041528
2 0.597375 0.443296 0.029802 0.048685
2 0.556297 0.423255 0.028188 0.042954
2 0.538982 0.390319 0.016109 0.028639
2 0.532135 0.360250 0.018521 0.022907
2 0.585698 0.361685 0.017719 0.025778
2 0.909875 0.948741 0.173167 0.094500
8 0.606638 0.376000 0.037047 0.054407
3 0.414143 0.406787 0.032214 0.052981
2 0.467625 0.373019 0.017458 0.033407
