1 0.550578 0.552833 0.023490 0.071593
2 0.394195 0.332690 0.018120 0.022676
1 0.379094 0.345218 0.009396 0.026250
1 0.454937 0.348796 0.016104 0.028630
4 0.301237 0.332708 0.017453 0.022639
5 0.822164 0.776917 0.349870 0.438148
5 0.330703 0.331903 0.029958 0.056694
2 0.312818 0.565583 0.052177 0.084204
2 0.373711 0.934139 0.127578 0.127148
2 0.558312 0.472792 0.040594 0.067009
2 0.435083 0.460769 0.041562 0.049833
2 0.285276 0.395477 0.026094 0.042954
4 0.326831 0.380866 0.024151 0.041231
4 0.449096 0.422968 0.028995 0.049824
2 0.358958 0.344620 0.020135 0.029833
2 0.413659 0.343426 0.018120 0.025056
