4 0.329969 0.373574 0.015844 0.029833
2 0.312026 0.557528 0.046146 0.071259
2 0.323443 0.458509 0.028896 0.038944
2 0.301305 0.376889 0.019109 0.031481
2 0.408273 0.412935 0.027036 0.035630
5 0.318784 0.334630 0.030766 0.048056
4 0.414102 0.392634 0.020974 0.028176
5 0.546521 0.532417 0.121781 0.213056
2 0.401281 0.345403 0.018646 0.024861
2 0.376346 0.335875 0.015380 0.019065
2 0.368432 0.320963 0.012813 0.014778
2 0.346177 0.346935 0.018208 0.018778
1 0.459031 0.456500 0.018458 0.048722
1 0.424323 0.360347 0.010490 0.027620
1 0.363729 0.344463 0.008156 0.023481
