3 0.697167 0.369074 0.034792 0.051574
3 0.030281 0.707565 0.057979 0.185611
3 0.151289 0.867338 0.248932 0.257731
2 0.060799 0.891389 0.118297 0.200000
2 0.348958 0.623472 0.075417 0.115463
2 0.576302 0.538889 0.051042 0.067963
2 0.423776 0.447130 0.037135 0.047407
2 0.416068 0.384815 0.031510 0.037407
2 0.449479 0.387731 0.029896 0.038796
5 0.432979 0.341907 0.033042 0.067333
8 0.398357 0.344074 0.044297 0.080185
2 0.528836 0.343551 0.014766 0.026250
2 0.583260 0.351199 0.017438 0.023898
3 0.560448 0.353569 0.018792 0.033417
