2 0.304315 0.618157 0.042526 0.061852
2 0.490849 0.637912 0.054125 0.067009
2 0.263672 0.558009 0.036719 0.046389
2 0.354578 0.710074 0.052198 0.094481
2 0.372940 0.942898 0.100516 0.109963
2 0.296714 0.500856 0.022552 0.038657
2 0.393365 0.485111 0.022552 0.035796
4 0.313521 0.486495 0.016781 0.028639
4 0.591094 0.819444 0.105510 0.137463
4 0.467461 0.772194 0.078932 0.105963
1 0.425195 0.480264 0.010068 0.030824
1 0.438615 0.561801 0.014542 0.050713
2 0.410651 0.444671 0.016219 0.022861
4 0.322914 0.468000 0.019464 0.027444
