2 0.398453 0.669875 0.048323 0.089343
2 0.334667 0.628639 0.034792 0.072167
2 0.636211 0.768671 0.094714 0.111676
2 0.433729 0.546167 0.035760 0.048111
2 0.355451 0.550435 0.033818 0.046352
2 0.316786 0.547884 0.031896 0.051546
2 0.293107 0.504926 0.025130 0.034370
2 0.379833 0.464176 0.017448 0.027444
2 0.295266 0.476111 0.021479 0.027444
4 0.468911 0.631731 0.053156 0.068722
4 0.386857 0.574685 0.038661 0.058426
4 0.319628 0.471935 0.016109 0.031019
1 0.693057 0.737255 0.033021 0.095935
1 0.407135 0.503866 0.015302 0.038657
5 0.735172 0.917412 0.277365 0.165176
