1 0.592526 0.674856 0.034792 0.082472
1 0.636984 0.757333 0.030927 0.103093
2 0.320458 0.510769 0.022229 0.039519
2 0.405508 0.497023 0.024161 0.036083
2 0.373615 0.551144 0.028031 0.051546
2 0.484279 0.563171 0.034797 0.051546
2 0.342688 0.528810 0.026094 0.051546
2 0.300643 0.472968 0.019328 0.029213
4 0.426289 0.558019 0.040589 0.054981
4 0.358633 0.503898 0.025130 0.032648
4 0.924034 0.931727 0.144974 0.121991
2 0.352339 0.918829 0.087927 0.140861
1 0.702706 0.836370 0.046391 0.109963
5 0.529219 0.737569 0.169135 0.283509
1 0.534536 0.582074 0.021260 0.054981
