2 0.288852 0.665926 0.046391 0.087630
2 0.335729 0.601491 0.035760 0.058426
2 0.324516 0.480468 0.019573 0.030824
2 0.362716 0.493991 0.022932 0.038778
2 0.390964 0.460681 0.020135 0.027843
2 0.434872 0.484051 0.025161 0.032824
2 0.313216 0.443773 0.015661 0.023861
1 0.522753 0.607819 0.019411 0.057269
1 0.492312 0.577912 0.012865 0.056676
1 0.472065 0.507315 0.011745 0.037778
1 0.478495 0.534657 0.014542 0.042759
4 0.584310 0.624685 0.058953 0.072167
4 0.405674 0.507616 0.030203 0.036991
5 0.775292 0.875718 0.329573 0.247417
5 0.451997 0.577606 0.083120 0.152917
