2 0.604799 0.463690 0.036724 0.044676
3 0.375742 0.608019 0.092786 0.206185
3 0.873969 0.909565 0.240656 0.170111
8 0.619297 0.394102 0.061854 0.101370
8 0.400870 0.396676 0.050260 0.120278
2 0.906828 0.718843 0.120812 0.111685
2 0.603352 0.578806 0.060891 0.072167
2 0.557443 0.464546 0.034792 0.049833
2 0.541010 0.411287 0.030927 0.039519
2 0.357862 0.415579 0.029964 0.034361
2 0.072745 0.449083 0.072490 0.056704
2 0.174227 0.423310 0.041557 0.053269
2 0.270393 0.374343 0.025130 0.044667
2 0.063081 0.386370 0.060891 0.044667
