2 0.600932 0.564731 0.057990 0.079056
2 0.633794 0.434995 0.032859 0.032639
2 0.539081 0.416954 0.025130 0.027500
2 0.525549 0.381731 0.019328 0.025778
2 0.550677 0.379153 0.017396 0.027491
2 0.805831 0.743417 0.127578 0.199315
2 0.454029 0.377431 0.019328 0.027491
2 0.074677 0.453894 0.066688 0.060139
2 0.199839 0.408361 0.040594 0.054981
2 0.269427 0.372282 0.025125 0.034361
3 0.569523 0.449602 0.043495 0.085907
7 0.369448 0.451343 0.068604 0.137500
8 0.180992 0.716782 0.290911 0.530935
8 0.567107 0.349083 0.028995 0.060130
