2 0.574841 0.429843 0.028995 0.039519
2 0.527966 0.393755 0.020297 0.029213
2 0.457893 0.403208 0.019328 0.030935
2 0.078062 0.468500 0.088917 0.058426
3 0.726578 0.510597 0.079250 0.125435
2 0.321135 0.492556 0.039625 0.054981
3 0.872521 0.487403 0.061854 0.068731
3 0.307120 0.614546 0.090854 0.116833
7 0.661823 0.508019 0.096646 0.161519
2 0.416333 0.410940 0.023198 0.032639
2 0.446294 0.458190 0.028995 0.041231
2 0.243331 0.411801 0.038661 0.037806
2 0.641055 0.663523 0.078307 0.097954
2 0.555992 0.462486 0.028026 0.042954
