8 0.387727 0.511625 0.073453 0.106528
7 0.820232 0.712657 0.174932 0.254296
8 0.759828 0.558019 0.160438 0.192444
7 0.367422 0.442880 0.046406 0.099611
8 0.596005 0.412829 0.041562 0.070454
2 0.201677 0.844102 0.147875 0.214778
2 0.659313 0.697194 0.075385 0.096222
2 0.591656 0.572620 0.048323 0.070444
2 0.447164 0.506472 0.033828 0.058426
2 0.456344 0.442880 0.025125 0.037759
2 0.585375 0.457500 0.028031 0.032648
2 0.528820 0.423995 0.021286 0.027491
2 0.544781 0.451491 0.020292 0.034370
4 0.558753 0.489204 0.031036 0.041407
