8 0.595523 0.413690 0.038661 0.065287
3 0.066320 0.799343 0.128641 0.221815
3 0.410430 0.444616 0.024141 0.044676
2 0.331669 0.895648 0.146911 0.207907
2 0.300742 0.673139 0.069589 0.116833
2 0.434117 0.512486 0.038661 0.067009
2 0.587789 0.565750 0.046391 0.070444
2 0.723102 0.875889 0.144974 0.206185
2 0.546229 0.465236 0.027063 0.037806
2 0.601805 0.480699 0.039630 0.048102
2 0.569911 0.445477 0.026094 0.036083
2 0.460214 0.428296 0.021260 0.032648
8 0.845359 0.734995 0.298646 0.522343
2 0.951674 0.552866 0.070557 0.092787
2 0.387727 0.431731 0.023193 0.032648
7 0.415078 0.389111 0.021260 0.051556
