2 0.550096 0.474685 0.032859 0.042963
2 0.866625 0.508190 0.053156 0.072157
2 0.451997 0.467815 0.026099 0.039519
2 0.363081 0.456644 0.031891 0.041231
2 0.373227 0.728120 0.090849 0.151204
2 0.528349 0.427431 0.022229 0.027491
2 0.569427 0.437745 0.025125 0.034361
2 0.460214 0.423139 0.019333 0.032648
7 0.834729 0.600116 0.132406 0.201028
3 0.378495 0.496935 0.045521 0.056870
8 0.667490 0.514977 0.111271 0.202917
8 0.575227 0.394787 0.034797 0.054981
7 0.403190 0.399083 0.028995 0.060130
2 0.590208 0.556296 0.049292 0.072167
