7 0.691206 0.483273 0.063786 0.108250
3 0.307508 0.605269 0.073453 0.094500
7 0.385310 0.411111 0.033828 0.073889
2 0.436049 0.538259 0.038661 0.063574
2 0.657378 0.688602 0.086984 0.120278
2 0.899484 0.527949 0.060885 0.067009
8 0.601805 0.444620 0.060891 0.127148
8 0.920750 0.838944 0.151740 0.307556
2 0.518201 0.403380 0.015464 0.024056
2 0.464081 0.403380 0.015464 0.024056
2 0.433635 0.406819 0.022229 0.027491
2 0.531732 0.433449 0.019328 0.029213
2 0.553482 0.473824 0.033828 0.048111
2 0.414786 0.442898 0.023198 0.041241
2 0.453932 0.452347 0.026094 0.049824
2 0.318138 0.506472 0.046391 0.061852
