1 0.609729 0.694102 0.036729 0.104815
1 0.730057 0.820389 0.049292 0.140889
1 0.445906 0.487056 0.022229 0.068722
1 0.473456 0.410597 0.011599 0.046398
1 0.466078 0.375167 0.010740 0.031019
1 0.452992 0.366218 0.010068 0.029824
2 0.267747 0.415736 0.028859 0.042954
2 0.280497 0.366218 0.023495 0.032213
2 0.554672 0.558324 0.069802 0.079944
2 0.740703 0.674662 0.121927 0.119324
2 0.355503 0.374273 0.026286 0.034806
2 0.432966 0.379741 0.027964 0.031815
2 0.388229 0.378745 0.021250 0.031824
4 0.509594 0.445861 0.046979 0.058667
4 0.319148 0.366315 0.020693 0.028833
3 0.323060 0.397093 0.031880 0.050815
