2 0.412318 0.349157 0.021479 0.033407
2 0.645104 0.533449 0.081187 0.098972
2 0.525065 0.450972 0.049870 0.065981
2 0.300646 0.368500 0.027833 0.049481
2 0.306607 0.338417 0.026172 0.031019
2 0.378758 0.336625 0.017453 0.029824
2 0.457622 0.353926 0.022151 0.035796
4 0.344529 0.331852 0.018797 0.027444
3 0.347885 0.364606 0.030875 0.050231
4 0.500966 0.377579 0.028995 0.045824
1 0.922294 0.913861 0.076547 0.158759
1 0.877643 0.731389 0.052193 0.115463
1 0.561599 0.607676 0.027833 0.098963
1 0.504190 0.473653 0.022036 0.070102
1 0.467656 0.446847 0.020875 0.070102
1 0.439568 0.376361 0.012083 0.044148
1 0.487221 0.340088 0.008057 0.034602
1 0.478159 0.330542 0.008724 0.034602
