2 0.475677 0.424171 0.040594 0.049824
2 0.629833 0.887231 0.142073 0.206185
2 0.409956 0.609736 0.061859 0.091065
2 0.578125 0.480870 0.050260 0.070444
2 0.433151 0.364032 0.027063 0.042954
2 0.387242 0.352005 0.020297 0.029213
2 0.280927 0.377778 0.031896 0.036074
2 0.288177 0.345991 0.023198 0.030926
4 0.462948 0.372579 0.025729 0.033806
4 0.312995 0.334597 0.019573 0.023861
2 0.349099 0.334602 0.018719 0.030926
1 0.726562 0.670245 0.039469 0.104528
1 0.599146 0.593356 0.037052 0.090213
1 0.658346 0.540380 0.026578 0.075889
1 0.510552 0.503866 0.025771 0.065861
1 0.417810 0.434829 0.015661 0.049713
1 0.425641 0.398532 0.013427 0.046731
1 0.388167 0.387102 0.014542 0.041759
3 0.317945 0.375167 0.027464 0.043759
1 0.406362 0.352944 0.010724 0.036463
